tensor([0.0000, 0.5770, 0.0000, 0.4425, 0.0000, 0.0000, 0.1979, 0.5131, 0.3733,
        0.5714, 0.0000, 0.1801, 0.0000, 0.0000, 0.8882, 0.0000, 1.4248, 0.7075,
        0.0000, 0.0000, 0.1487, 0.1455, 0.1745, 0.0000, 0.0000, 0.0000, 0.1295,
        0.1938, 0.6062, 0.6634, 0.0000, 0.2716, 0.0000, 0.0000, 0.4057, 0.4129,
        0.3051, 0.0845, 0.3116, 0.0967, 0.0030, 0.2550, 0.0801, 0.0000, 0.6208,
        0.5242, 0.0000, 0.3582, 0.0170, 0.0000, 0.2741, 0.4358, 0.2498, 0.7681,
        1.1242, 0.2420, 0.2581, 0.2837, 0.0000, 0.0000, 0.4556, 0.3315, 0.0000,
        0.0000, 0.0000, 0.0000, 0.6343, 0.0000, 0.0000, 0.3780, 0.0000, 0.3982,
        0.0000, 0.2824, 0.3420, 0.0073, 0.1452, 0.8734, 0.6266, 0.7325, 0.0092,
        0.2481, 0.4090, 0.0000, 0.5844, 0.0000, 0.0000, 0.0000, 0.0000, 0.4955,
        0.4993, 0.4329, 0.5788, 0.0000, 1.1052, 0.1294, 0.0437, 0.0000, 0.0000,
        0.1279, 0.4498, 0.0000, 0.1346, 0.2585, 0.6377, 0.1392, 0.6807, 0.0808,
        0.7415, 0.0000, 0.0000, 0.0000, 0.4144, 0.1894, 0.5987, 0.0000, 0.0000,
        0.1627, 0.0000, 0.0000, 0.0595, 0.0000, 0.6308, 0.0984, 0.0000, 0.0000,
        0.1982, 0.0000], grad_fn=<MaxBackward0>)tensor([0, 7, 0, 6, 0, 0, 4, 7, 8, 7, 0, 1, 0, 0, 9, 0, 1, 7, 0, 0, 7, 4, 8, 0,
        0, 0, 2, 6, 4, 1, 0, 6, 0, 0, 7, 6, 7, 4, 2, 1, 1, 6, 1, 0, 6, 6, 0, 7,
        4, 0, 3, 8, 8, 7, 7, 8, 7, 4, 0, 0, 4, 8, 0, 0, 0, 0, 4, 0, 0, 1, 0, 4,
        0, 0, 8, 8, 2, 4, 3, 4, 0, 1, 4, 0, 9, 0, 0, 0, 0, 4, 7, 7, 8, 0, 3, 4,
        3, 0, 0, 4, 7, 0, 4, 0, 4, 0, 0, 7, 8, 0, 0, 0, 8, 4, 0, 0, 0, 1, 0, 0,
        6, 0, 7, 1, 0, 0, 1, 0])