tensor([ 1.1300,  2.7364, -0.4655,  2.8051, -1.1613, -0.4170,  1.2881,  4.4469,
        -1.0522,  3.3875,  1.7148,  1.8415, -1.0281,  0.6277,  4.2436,  1.1792,
         0.5521,  4.4751, -0.4620, -2.4254,  3.2030,  1.4177,  1.1048, -2.3611,
         0.1422, -1.8231,  1.1856,  3.1843,  4.3350,  4.8434, -0.6333,  3.8954,
         1.3009,  0.1229,  3.4162,  5.9107,  3.7006, -0.8976,  1.1321,  2.2946,
         0.9762,  1.5722,  2.1046,  1.2229,  5.1670,  3.4781, -0.1322,  3.7147,
        -0.7411, -1.0373,  4.7353,  3.3151,  1.3980,  5.5336,  5.0760,  0.8514,
         5.7232,  2.8966,  0.6872, -1.2145,  3.2498,  2.9727, -0.6519,  1.8438,
         0.9098, -1.0110,  3.7430,  1.9746,  0.8838,  2.6720,  0.6584,  2.2975,
        -0.0274,  2.6293,  3.9282,  0.4795,  0.4799,  3.6988,  2.2241,  4.2426,
         2.4187, -0.5375,  3.0600,  1.3063,  3.7666, -2.6069, -1.2708, -0.7599,
        -0.6365,  4.6787,  2.8627,  3.1615,  4.6396, -0.5942,  5.1638,  1.5430,
        -0.4373, -0.6933, -0.2286,  2.0385,  2.0520, -0.5237,  0.8040,  2.5451,
         4.9435,  2.3110,  6.1892,  1.2313,  3.7581, -0.5218,  1.4136, -0.0284,
         2.1104, -0.1839,  4.7378,  1.1837, -2.1412,  3.4558,  1.0687, -0.3271,
         3.7056, -0.5239,  6.4530,  2.2203,  1.2782,  1.0034,  3.0905, -0.6255],
       grad_fn=<MaxBackward0>)tensor([6, 1, 9, 1, 4, 3, 3, 1, 6, 9, 1, 3, 1, 9, 6, 1, 8, 1, 3, 0, 1, 8, 3, 0,
        3, 0, 3, 1, 3, 1, 3, 1, 9, 3, 1, 1, 1, 3, 7, 3, 6, 1, 9, 1, 1, 4, 9, 1,
        3, 5, 9, 3, 3, 1, 1, 7, 2, 3, 6, 3, 3, 4, 7, 6, 6, 8, 6, 4, 5, 3, 5, 7,
        3, 9, 1, 0, 7, 4, 6, 4, 1, 9, 4, 9, 1, 0, 2, 7, 3, 3, 9, 1, 3, 0, 6, 4,
        6, 4, 9, 6, 1, 4, 8, 1, 3, 2, 1, 2, 3, 4, 1, 9, 7, 4, 1, 9, 0, 9, 9, 7,
        1, 4, 1, 0, 1, 9, 3, 4])