tensor([0.0000, 0.0997, 0.0739, 0.0000, 0.0453, 0.0000, 0.1724, 0.0000, 0.2484,
        0.0570, 0.0921, 0.3523, 0.3702, 0.0000, 0.1970, 0.2866, 0.2845, 0.0000,
        0.2381, 0.2524, 0.1356, 0.3628, 0.1092, 0.2427, 0.4765, 0.0000, 0.0000,
        0.1181, 0.0124, 0.0000, 0.0807, 0.0135, 0.0000, 0.5308, 0.4962, 0.1057,
        0.0000, 0.2496, 0.2996, 0.1294, 0.3214, 0.4772, 0.0014, 0.3440, 0.1140,
        0.1931, 0.1496, 0.0482, 0.0696, 0.7772, 0.0000, 0.3355, 0.5969, 0.0000,
        0.0000, 0.0000, 0.0404, 0.1947, 0.0000, 0.1623, 0.2217, 0.1376, 0.0665,
        0.0000, 0.4756, 0.0000, 0.2153, 0.0000, 0.0000, 0.1027, 0.2369, 0.1500,
        0.0000, 0.2880, 0.0803, 0.2633, 0.0000, 0.0000, 0.0000, 0.2050, 0.0536,
        0.1288, 0.0000, 0.0000, 0.0285, 0.4290, 0.1877, 0.0000, 0.0000, 0.1979,
        0.5589, 0.0506, 0.0000, 0.0000, 0.0000, 0.1133, 0.1099, 0.2102, 0.1586,
        0.3113, 0.0000, 0.0000, 0.3012, 0.0756, 0.3967, 0.1471, 0.0000, 0.4840,
        0.0000, 0.1034, 0.0000, 0.0720, 0.0000, 0.0635, 0.6979, 0.0000, 0.4927,
        0.0000, 0.0000, 0.2164, 0.0867, 0.0763, 0.1122, 0.0000, 0.0000, 0.1990,
        0.0000, 0.1604, 0.0603, 0.0000, 0.3508, 0.5524, 0.0000, 0.1329, 0.0844,
        0.0000, 0.0000, 0.1122, 0.1216, 0.4782, 0.5773, 0.0598, 0.2418, 0.2097,
        0.0000, 0.0000, 0.0000, 0.0756, 0.1993, 0.0824, 0.1664, 0.0000, 0.0000,
        0.1489, 0.0000, 0.0220, 0.2135, 0.4271, 0.0000, 0.0000, 0.1457, 0.2722,
        0.3442, 0.1026, 0.3210, 0.0125, 0.2185, 0.0000, 0.2475, 0.0000, 0.4392,
        0.4071, 0.0000, 0.1002, 0.6635, 0.2808, 0.1953, 0.0272, 0.0000, 0.0000,
        0.1305, 0.0000, 0.0000, 0.0667, 0.3298, 0.0807, 0.2913, 0.0000, 0.1482,
        0.0000, 0.3352, 0.0000, 0.3060, 0.4659, 0.0000, 0.1683, 0.0000, 0.2633,
        0.1117, 0.2658, 0.0711, 0.0000, 0.0565, 0.1924, 0.0000, 0.0000, 0.0942,
        0.0000, 0.3600, 0.3877, 0.2623, 0.2378, 0.0807, 0.0000, 0.0000, 0.1499,
        0.2268, 0.1396, 0.0000, 0.1234, 0.1642, 0.0000, 0.0000, 0.1069, 0.0000,
        0.0774, 0.3637, 0.3969, 0.4128, 0.0099, 0.0000, 0.1987, 0.0384, 0.0000,
        0.1368, 0.0341, 0.3263, 0.5755, 0.0000, 0.1593, 0.2377, 0.0000, 0.0000,
        0.3108, 0.0000, 0.0000, 0.0415, 0.0019, 0.3057, 0.8339, 0.0000, 0.0000,
        0.0000, 0.5935, 0.0776, 0.0000], grad_fn=<MaxBackward0>)tensor([0, 7, 2, 0, 4, 0, 7, 0, 8, 8, 0, 9, 8, 0, 8, 9, 8, 0, 9, 8, 1, 1, 8, 0,
        3, 0, 0, 0, 0, 0, 2, 6, 0, 7, 0, 0, 0, 8, 6, 9, 7, 1, 7, 3, 4, 4, 8, 2,
        6, 0, 0, 8, 3, 0, 0, 0, 2, 8, 0, 4, 3, 9, 2, 0, 0, 0, 2, 0, 0, 8, 4, 8,
        0, 0, 8, 9, 0, 0, 0, 1, 2, 8, 0, 0, 8, 0, 2, 0, 0, 4, 3, 0, 0, 0, 0, 4,
        8, 3, 8, 9, 0, 0, 0, 7, 8, 0, 0, 9, 0, 1, 0, 2, 0, 8, 0, 0, 3, 0, 0, 9,
        3, 2, 6, 0, 0, 8, 0, 0, 0, 0, 1, 9, 0, 7, 4, 0, 0, 3, 4, 3, 7, 2, 0, 9,
        0, 0, 0, 0, 0, 4, 0, 0, 0, 6, 0, 8, 1, 1, 0, 0, 3, 3, 7, 6, 0, 2, 8, 0,
        3, 0, 6, 0, 0, 2, 3, 0, 0, 8, 0, 0, 8, 0, 0, 1, 8, 0, 4, 0, 7, 0, 8, 0,
        9, 7, 0, 0, 0, 7, 9, 4, 0, 0, 2, 0, 0, 0, 1, 0, 4, 7, 9, 0, 0, 0, 0, 1,
        8, 8, 0, 5, 2, 0, 0, 6, 0, 2, 7, 3, 9, 0, 0, 4, 7, 0, 7, 6, 0, 1, 0, 6,
        7, 0, 0, 6, 0, 0, 9, 8, 8, 9, 0, 0, 0, 9, 6, 0])